Country,Year,Spirits,Beer (% total alcohol),Wine (% total alcohol)
Australia,2014,14,46,40
Austria,2014,14,51,35
Belgium,2014,14,51,35
Canada,2014,26,49,25
Denmark,2014,16,38,47
Finland,2014,26,53,21
France,2014,23,19,59
Italy,2014,11,23,65
Japan,2014,74,21,5
Netherlands,2014,17,48,35
New Zealand,2014,19,43,38
Norway,2014,36,35,29
Sweden,2014,15,37,48
Switzerland,2014,19,34,47
United Kingdom,2014,22,37,41
United States,2014,34,49,18